#rname	startpos	endpos	numreads	covbases	coverage	meandepth	meanbaseq	meanmapq
tig00000001	1	2763567	24720155	2650479	95.9079	708.519	37.2	59.3
tig00000002	1	216001	373066	210824	97.6033	168.001	37.3	50.6
tig00000003	1	28874	65530	27792	96.2527	216.678	37.6	58
tig00000004	1	14735	4618	12680	86.0536	30.5416	37.4	17.3
tig00000005	1	40014	460313	39248	98.0857	1118.13	37.6	50.2
tig00000006	1	15016	8422	14408	95.951	54.7493	37.5	3.86
tig00000007	1	16045	51096	15409	96.0361	310.846	37.9	28.4
tig00000008	1	24837	9772	23888	96.1791	38.1087	37.6	24.3
tig00000009	1	16484	22197	15487	93.9517	121.84	37.1	9.06
