#rname	startpos	endpos	numreads	covbases	coverage	meandepth	meanbaseq	meanmapq
tig00000001	1	2763567	26544452	2662749	96.3519	757.614	37.2	59.2
tig00000002	1	216001	396795	211578	97.9523	178.868	37.3	50.3
tig00000003	1	28874	76611	27708	95.9618	255.08	37.6	58.1
tig00000004	1	14735	4841	12682	86.0672	31.8739	37.5	17.9
tig00000005	1	40014	514198	39381	98.4181	1250.06	37.6	50.5
tig00000006	1	15016	9324	14415	95.9976	60.7222	37.5	4.44
tig00000007	1	16045	52993	15670	97.6628	322.561	37.9	28.1
tig00000008	1	24837	10913	23544	94.7941	42.6719	37.5	24.4
tig00000009	1	16484	22881	15653	94.9587	127.713	37.1	9.98
