#rname	startpos	endpos	numreads	covbases	coverage	meandepth	meanbaseq	meanmapq
tig00000001	1	2763567	26666454	2688803	97.2947	936.094	37.2	59.5
tig00000002	1	216001	234957	212131	98.2083	105.471	37.5	49.7
tig00000003	1	28874	46612	28350	98.1852	155.002	37.4	57.1
tig00000004	1	14735	4405	12989	88.1507	29.07	37.3	19.3
tig00000005	1	40014	145560	39516	98.7554	350.206	37.4	46.4
tig00000006	1	15016	6993	14360	95.6313	45.3496	37.4	15.6
tig00000007	1	16045	19475	15462	96.3665	117.902	37.7	36.3
tig00000008	1	24837	6599	23766	95.6879	25.8199	37.5	32.5
tig00000009	1	16484	18125	15474	93.8728	101.831	37.2	13.1
