#rname	startpos	endpos	numreads	covbases	coverage	meandepth	meanbaseq	meanmapq
tig00000001	1	2763567	26559261	2690123	97.3424	937.986	37.2	59.5
tig00000002	1	216001	240754	211943	98.1213	108.722	37.5	49.6
tig00000003	1	28874	51964	28108	97.3471	175.048	37.4	57.7
tig00000004	1	14735	4118	12759	86.5898	27.3241	37.4	19.1
tig00000005	1	40014	140508	39597	98.9579	339.913	37.4	46.5
tig00000006	1	15016	6493	14422	96.0442	42.2754	37.4	13.9
tig00000007	1	16045	20209	15323	95.5002	123.056	37.7	34.9
tig00000008	1	24837	6364	23811	95.8691	25.0236	37.6	32.2
tig00000009	1	16484	19245	15785	95.7595	109.823	37.2	13.5
