#rname	startpos	endpos	numreads	covbases	coverage	meandepth	meanbaseq	meanmapq
tig00000001	1	2763567	24069220	2686329	97.2051	847.682	37.1	59.5
tig00000002	1	216001	219256	211754	98.0338	98.7039	37.5	49.5
tig00000003	1	28874	45174	28384	98.303	151.626	37.4	57.7
tig00000004	1	14735	4011	12716	86.2979	26.4993	37.4	19
tig00000005	1	40014	125458	39543	98.8229	301.873	37.4	46
tig00000006	1	15016	5796	14270	95.032	37.5792	37.4	15.1
tig00000007	1	16045	18181	15297	95.3381	110.434	37.7	35.3
tig00000008	1	24837	5980	23713	95.4745	23.4017	37.5	33.5
tig00000009	1	16484	17640	15869	96.2691	99.8437	37.2	13
